<?xml version="1.0"?>
<opencv_storage>
<pic1_mean>
  1.2305813939660605e+02 1.1956382371478517e+02 1.2103579455589777e+02
  255.</pic1_mean>
<pic1_dev>
  4.5727117300316472e+01 4.4243810216334602e+01 4.2892244761099285e+01
  0.</pic1_dev>
<pic2_mean>
  1.4427458333333334e+02 1.4712853174603174e+02 1.5009585317460318e+02</pic2_mean>
<pic2_dev>
  6.7644596893718642e+01 6.6347031274619539e+01 6.5426702283492233e+01</pic2_dev>
<pic3_mean>
  1.2111745003907558e+02 1.2193657195489561e+02 1.2199761359830300e+02</pic3_mean>
<pic3_dev>
  4.4821419678573093e+01 4.3192741087538259e+01 4.1716863539613641e+01</pic3_dev>
</opencv_storage>
